[ 55 ]
[ 145 192 12 187 44 75 84 45 206 122 145 51 215 24 58 97 193 0 31 37 127 5 75 151 224 195 250 213 60 8 153 3 ]
[ 115 8 136 174 44 112 146 10 78 202 216 99 178 56 55 234 200 98 189 71 13 32 195 168 130 127 250 155 156 127 89 15 ]
[ 228 31 216 191 210 140 122 25 19 4 101 159 55 3 35 91 38 251 131 84 50 94 216 43 126 161 0 40 184 169 138 144 ]
[ 198 9 138 166 209 164 107 17 49 141 71 149 20 231 99 80 116 239 3 156 56 146 144 66 249 165 136 72 170 227 168 18 ]
[ 223 100 1 185 211 220 72 37 25 200 65 91 207 86 16 241 176 173 20 181 127 84 224 140 189 224 47 232 48 44 129 70 ]
[ 10 198 133 175 29 39 73 157 7 29 137 5 226 71 58 70 216 2 31 45 42 0 89 157 225 244 138 20 146 222 148 106 ]
[ 173 181 84 129 246 203 117 105 219 113 21 59 28 17 202 23 51 12 87 59 119 213 140 214 108 8 37 247 46 140 218 131 ]
[ 19 6 184 87 50 22 88 34 89 239 103 49 46 42 134 81 230 165 4 140 188 220 97 206 154 254 80 131 0 128 44 77 ]
[ 213 9 216 191 210 12 90 17 19 193 101 159 55 103 67 80 54 175 3 92 55 26 216 10 254 161 32 40 184 171 136 18 ]
[ 182 57 195 208 246 187 162 66 186 164 2 191 4 145 229 151 34 110 145 92 48 217 176 232 26 73 33 226 133 45 87 229 ]
[ 229 25 90 80 197 189 240 166 216 184 102 76 16 184 119 121 160 38 34 88 181 56 18 60 31 203 65 106 216 9 89 142 ]
[ 121 254 23 162 112 166 18 226 49 114 234 229 6 22 96 209 197 207 132 118 111 222 153 173 152 242 22 70 8 15 34 95 ]
[ 115 144 216 213 19 150 88 48 19 169 134 102 98 18 134 117 84 180 188 144 173 220 113 220 155 206 209 211 43 8 8 15 ]
[ 53 212 219 65 98 91 182 103 234 115 61 122 23 248 236 112 179 29 134 2 85 177 172 17 50 173 37 119 125 106 203 133 ]
[ 158 153 1 233 131 67 10 234 23 50 212 178 153 55 224 204 91 216 151 194 123 30 73 147 128 244 203 253 55 173 180 176 ]
[ 229 27 58 50 198 173 177 228 248 172 98 15 116 184 119 89 176 46 34 85 180 184 146 62 93 11 115 104 217 9 89 203 ]
[ 138 198 165 173 29 47 73 31 135 61 137 87 198 37 56 199 72 128 31 45 170 65 121 153 165 112 137 20 146 220 148 96 ]
[ 114 102 203 198 71 28 102 93 43 135 79 79 108 229 204 212 50 8 49 14 66 150 186 195 55 109 20 42 37 94 247 237 ]
[ 129 99 61 204 40 114 89 15 195 228 75 20 141 130 242 66 130 12 44 12 4 157 167 83 194 248 3 41 32 131 165 76 ]
[ 162 11 209 79 82 56 43 218 27 37 120 234 40 167 165 212 54 222 130 72 2 26 168 251 22 36 0 170 215 249 71 173 ]
[ 114 102 207 198 95 60 100 93 171 135 13 78 44 197 125 150 162 168 219 12 3 195 178 201 51 60 20 42 166 94 254 108 ]
[ 221 17 114 50 135 9 177 224 112 230 34 47 95 248 99 120 51 111 32 67 212 190 158 54 216 206 115 106 125 47 67 139 ]
[ 26 198 133 206 29 125 76 95 143 29 13 67 238 71 56 199 244 18 143 60 43 129 11 157 179 116 140 146 178 222 148 120 ]
[ 157 120 176 177 135 7 21 220 86 246 0 7 29 27 115 76 119 9 19 213 162 84 29 146 192 70 159 38 182 60 49 202 ]
[ 226 131 78 214 228 92 108 33 185 90 87 216 96 230 188 243 176 86 179 110 117 87 170 193 23 59 228 137 0 136 220 21 ]
[ 227 49 218 86 66 20 52 105 120 130 101 54 120 218 238 122 246 155 50 130 197 198 190 67 18 43 214 11 9 2 235 142 ]
[ 238 157 69 205 169 115 74 170 5 48 156 178 195 55 160 231 74 212 191 234 57 8 75 149 130 240 201 215 62 173 28 52 ]
[ 249 85 50 50 69 173 177 84 248 172 99 77 126 248 115 89 176 42 34 29 164 248 50 60 89 202 86 104 217 94 81 203 ]
[ 249 15 54 50 213 173 177 214 252 172 50 77 63 168 119 89 160 34 34 93 164 249 34 60 92 202 113 104 193 93 81 203 ]
[ 147 33 235 86 130 137 124 65 63 195 35 155 115 220 124 120 54 187 31 87 198 209 20 96 19 10 20 146 101 200 129 92 ]
[ 249 70 55 50 117 173 225 85 248 236 123 77 111 232 123 89 176 34 38 29 160 241 34 156 125 200 118 40 193 94 85 201 ]
[ 62 92 16 233 159 245 128 254 23 48 220 226 149 55 97 237 77 152 179 176 41 26 83 148 169 193 203 126 191 89 8 186 ]
[ 136 63 122 66 214 182 179 214 240 132 124 170 57 169 101 1 62 254 131 208 178 250 176 108 107 9 32 105 199 211 103 171 ]
[ 232 79 39 51 244 173 161 166 216 252 122 9 209 168 119 89 192 38 35 85 164 120 108 60 77 24 227 224 208 95 85 201 ]
[ 40 198 124 203 44 82 245 189 68 30 119 50 208 89 188 105 89 16 171 42 224 180 107 149 103 59 246 69 86 154 244 43 ]
[ 104 210 50 226 36 144 20 37 93 7 219 230 206 200 252 196 215 28 166 3 204 54 206 147 178 247 223 15 28 30 188 23 ]
[ 215 9 129 143 155 168 10 4 30 192 72 195 236 230 81 230 50 99 56 213 37 0 199 234 189 52 10 152 144 127 9 12 ]
[ 97 70 46 18 116 173 225 5 204 173 59 13 98 200 63 81 160 34 46 20 132 177 36 44 126 28 52 16 192 90 80 77 ]
[ 16 154 236 23 21 216 96 144 119 221 7 7 235 70 87 109 48 96 164 208 142 88 63 253 207 211 211 67 34 135 68 94 ]
[ 6 4 246 253 166 34 88 130 221 146 106 130 205 107 61 75 214 117 49 226 0 240 82 136 7 250 80 2 247 249 64 0 ]
[ 97 134 53 6 122 38 155 35 72 238 187 11 108 42 134 82 230 103 110 164 180 11 233 78 124 14 59 144 17 98 101 79 ]
[ 99 149 70 198 105 120 126 33 137 1 15 168 104 118 142 247 64 246 250 162 93 201 148 237 54 48 192 147 14 206 152 20 ]
[ 105 78 102 50 124 175 225 23 204 173 58 77 179 8 183 88 193 32 6 29 132 188 100 60 108 143 180 48 208 218 80 72 ]
[ 13 191 16 161 199 4 167 243 128 154 92 98 252 115 73 167 109 115 146 163 97 16 202 138 45 129 239 174 139 122 57 161 ]
[ 254 95 18 162 226 38 190 198 24 10 154 122 28 50 33 130 237 215 27 227 120 143 9 226 176 38 190 150 137 89 169 171 ]
[ 99 145 70 86 105 88 62 33 137 144 47 168 104 118 142 247 192 246 250 226 117 209 190 237 54 56 204 147 10 206 216 28 ]
[ 211 130 152 87 18 150 26 48 89 173 135 22 96 122 142 112 244 229 28 204 188 212 97 239 26 46 176 210 160 1 8 71 ]
[ 235 73 78 84 96 72 189 33 184 152 98 184 49 142 166 115 128 119 48 66 101 92 166 40 116 163 236 137 8 184 218 28 ]
[ 194 132 233 20 84 66 201 43 249 198 40 149 232 110 54 82 19 161 9 165 36 109 52 79 47 22 135 29 213 96 69 86 ]
[ 226 65 78 86 104 88 124 33 168 216 87 184 112 198 174 115 176 86 114 98 101 81 130 41 118 50 236 137 8 184 216 20 ]
[ 103 28 124 136 222 183 18 138 79 117 140 15 0 56 55 81 199 133 59 245 182 10 117 252 30 8 131 95 149 77 112 70 ]
[ 138 145 131 191 33 73 45 97 21 11 81 178 189 215 168 196 88 59 151 130 91 148 16 131 129 245 154 128 18 142 149 184 ]
[ 99 149 78 198 75 82 30 33 129 160 143 170 96 54 142 247 70 246 250 130 93 216 85 237 54 56 200 147 46 202 152 30 ]
[ 226 67 78 212 100 92 108 37 168 136 70 202 32 134 180 115 164 54 112 0 101 89 162 8 55 169 252 137 0 24 220 29 ]
[ 105 68 54 114 116 173 225 23 204 169 59 76 115 200 127 121 144 34 34 60 164 241 30 28 124 138 37 40 200 90 208 9 ]
