[ 49 ]
[ 107 8 197 159 45 112 130 10 204 202 156 98 178 57 183 238 72 98 191 10 13 32 67 169 2 126 242 155 158 127 88 79 ]
[ 164 63 88 191 210 140 112 81 17 132 101 159 55 67 3 91 102 184 130 16 114 222 216 14 110 161 4 105 184 168 138 144 ]
[ 10 198 133 175 29 39 73 29 7 29 137 197 227 71 56 71 220 2 31 189 42 0 89 157 229 240 142 148 146 222 148 122 ]
[ 204 11 138 164 209 38 123 81 51 164 103 159 29 227 35 80 52 237 3 220 48 146 152 74 117 160 1 44 186 227 32 208 ]
[ 223 100 1 184 211 220 72 37 25 200 65 91 207 86 24 241 176 237 148 181 119 212 224 140 189 225 47 232 48 44 129 68 ]
[ 165 177 92 145 246 203 117 121 219 241 21 59 20 81 202 55 51 12 87 59 119 213 140 214 126 0 37 247 46 140 218 131 ]
[ 9 16 148 165 49 82 120 24 35 245 71 132 173 7 130 196 2 36 160 8 5 216 55 156 206 211 91 69 30 132 45 92 ]
[ 182 57 227 192 246 186 34 66 186 164 10 175 12 177 229 150 34 110 147 92 48 218 176 232 30 9 33 226 133 109 87 229 ]
[ 213 9 152 174 210 12 90 25 19 73 101 159 55 167 35 80 54 235 7 92 55 26 152 43 246 165 32 41 184 171 8 18 ]
[ 229 29 94 80 197 189 240 166 216 240 46 12 16 184 119 121 160 38 34 92 181 120 18 60 31 25 65 98 216 9 89 142 ]
[ 115 252 19 162 112 2 18 230 25 210 234 237 142 22 34 213 199 205 128 118 109 223 16 172 184 242 30 70 8 13 34 93 ]
[ 49 212 218 97 98 91 182 101 202 115 61 58 23 248 238 112 179 29 4 2 87 49 140 17 114 173 39 119 125 42 203 135 ]
[ 207 139 36 185 173 203 79 177 197 122 23 187 215 12 50 109 197 149 191 227 221 28 79 151 220 50 233 213 62 173 152 18 ]
[ 140 125 2 227 195 240 46 145 132 16 78 162 253 215 233 239 75 90 147 202 67 16 218 160 164 193 206 169 46 255 185 184 ]
[ 229 25 122 18 198 173 176 228 248 164 98 31 116 184 119 121 176 46 34 85 180 184 50 62 94 11 81 106 217 9 89 207 ]
[ 170 199 133 141 29 47 77 31 135 61 137 87 198 37 56 199 76 128 159 44 42 1 121 153 165 112 141 148 146 220 148 96 ]
[ 166 11 209 95 242 184 43 91 27 5 113 234 40 167 165 246 102 122 130 88 50 26 232 251 38 48 0 170 215 233 71 173 ]
[ 193 111 25 235 168 177 127 86 197 46 15 48 5 130 194 100 134 14 108 206 116 5 161 50 230 248 42 185 0 211 165 69 ]
[ 102 206 141 205 60 95 78 27 143 57 79 210 130 7 188 199 197 148 143 46 107 17 105 145 55 53 133 149 18 248 220 52 ]
[ 91 81 170 236 188 18 158 21 78 225 66 182 149 190 50 98 226 117 188 193 157 9 181 160 240 229 190 137 156 59 185 22 ]
[ 83 17 206 236 172 51 188 15 12 129 30 166 145 62 39 106 238 53 186 128 149 41 55 152 194 239 250 137 157 121 249 30 ]
[ 102 135 78 198 108 120 106 32 169 25 95 232 96 230 188 243 132 214 254 98 85 81 166 229 22 49 224 201 4 235 220 20 ]
[ 226 195 202 214 100 92 108 37 184 138 103 216 96 198 252 251 180 62 179 10 101 86 170 195 23 59 252 169 0 152 222 157 ]
[ 249 73 50 50 197 173 241 116 216 172 98 77 126 184 115 89 176 46 34 93 164 184 178 62 93 203 86 104 217 92 83 202 ]
[ 227 145 218 94 66 16 52 105 120 2 101 54 112 218 238 123 118 155 178 130 69 70 190 195 18 43 214 11 13 0 234 158 ]
[ 230 141 69 204 172 115 74 170 5 48 148 250 195 39 168 231 72 214 191 234 57 10 75 213 158 242 201 223 54 173 156 52 ]
[ 253 11 35 49 165 173 225 242 216 236 50 93 135 169 115 205 136 46 37 93 176 184 160 182 201 218 123 112 210 13 83 233 ]
[ 233 71 39 50 116 173 225 22 220 236 58 77 115 168 115 89 160 34 38 29 164 120 34 60 125 203 116 104 208 94 85 203 ]
[ 233 79 47 51 252 173 161 166 220 252 58 13 209 168 119 89 192 38 35 85 164 120 104 60 77 25 227 112 208 93 85 201 ]
[ 190 92 65 249 143 243 136 254 23 48 220 226 145 55 97 237 77 152 179 208 41 26 83 148 137 193 203 126 191 217 24 184 ]
[ 211 17 145 175 27 44 10 142 31 69 72 207 175 38 11 196 118 75 168 68 167 8 245 187 180 244 10 58 188 93 1 92 ]
[ 97 70 46 18 116 175 241 7 204 237 59 13 96 136 55 81 161 34 34 21 164 177 44 28 124 24 52 32 208 90 81 79 ]
[ 18 152 233 87 23 210 80 56 127 196 33 133 227 78 30 88 50 32 172 132 174 68 62 221 139 86 195 67 48 164 68 86 ]
[ 97 135 53 6 90 38 155 34 72 236 187 15 108 42 6 83 228 231 110 166 148 91 233 108 93 8 107 146 17 98 97 75 ]
[ 99 149 78 198 113 120 122 34 169 1 15 168 96 118 174 247 18 214 216 162 29 137 20 237 6 48 192 211 14 203 24 20 ]
[ 105 78 101 34 124 171 225 23 204 236 58 205 179 8 183 80 201 164 70 29 164 62 100 30 108 15 180 112 213 158 84 72 ]
[ 25 107 53 143 33 211 88 4 87 101 71 5 13 2 130 237 130 44 160 94 4 208 37 244 130 248 18 3 18 151 165 68 ]
[ 233 70 18 164 234 34 143 71 136 130 153 122 28 51 160 130 207 87 26 170 32 135 0 202 48 161 170 28 0 89 169 161 ]
[ 102 133 14 196 121 120 106 170 169 24 14 168 72 102 172 247 160 214 252 98 21 137 3 237 18 48 200 223 10 239 92 20 ]
[ 105 78 102 50 116 173 225 23 196 189 122 77 179 136 247 121 201 34 38 29 140 58 100 156 108 216 180 48 217 222 80 200 ]
[ 247 18 88 87 18 182 26 0 81 45 167 22 96 90 142 112 212 165 92 164 188 148 97 79 22 46 176 210 161 1 8 71 ]
[ 157 125 144 243 131 180 62 212 4 24 94 98 220 211 201 239 108 91 150 202 83 208 202 160 165 193 238 130 42 123 169 161 ]
[ 103 92 108 129 31 179 82 146 199 245 142 39 128 27 55 64 79 229 155 245 142 8 117 252 110 28 137 87 180 253 28 70 ]
[ 234 65 70 86 97 88 60 37 168 216 102 168 41 142 166 243 128 55 244 0 101 89 134 136 54 241 236 137 10 156 216 28 ]
[ 85 92 30 193 23 191 114 150 237 168 174 78 22 18 39 112 165 164 74 56 133 185 49 220 63 30 5 86 136 91 73 13 ]
[ 70 148 78 196 48 250 122 170 173 1 142 160 224 118 172 244 18 212 216 32 31 129 21 239 130 54 128 211 142 139 24 20 ]
[ 97 68 46 80 116 189 224 7 205 189 58 12 160 136 247 121 193 34 34 20 164 120 38 156 62 26 212 40 216 88 216 140 ]
[ 226 67 78 86 96 92 44 37 168 200 102 136 49 142 166 115 164 54 48 0 101 89 130 8 119 169 236 137 8 24 222 29 ]
[ 0 76 128 129 20 131 0 135 22 163 90 2 128 2 33 72 65 44 2 16 32 180 65 158 44 22 151 4 148 24 16 8 ]
