[ 87 ]
[ 2 2 32 192 36 64 129 0 72 12 16 32 128 24 180 100 200 16 18 9 128 32 96 128 1 16 138 131 20 8 84 39 ]
[ 18 2 96 192 4 0 137 0 64 4 148 2 0 8 180 100 72 0 28 9 136 33 36 128 128 8 138 144 21 136 84 36 ]
[ 0 2 40 64 36 64 129 0 64 12 20 34 128 24 180 100 200 0 2 9 0 32 96 128 65 24 162 3 84 8 84 39 ]
[ 0 16 88 65 6 12 184 16 8 0 36 135 148 13 38 0 6 16 131 12 0 32 84 64 70 9 0 0 93 136 9 144 ]
[ 112 2 40 64 4 64 192 0 64 12 180 2 2 9 180 4 72 128 12 8 8 33 0 0 210 137 160 17 89 8 92 2 ]
[ 104 18 252 80 44 40 144 18 194 23 188 102 128 169 228 10 75 18 235 0 130 97 194 0 66 15 112 25 223 200 92 131 ]
[ 8 2 41 192 36 64 129 16 72 12 20 32 144 16 180 96 200 16 2 9 128 32 96 0 69 17 170 1 20 8 84 35 ]
[ 36 26 221 157 110 58 144 18 204 134 89 231 228 105 51 234 78 112 163 3 132 160 86 136 70 39 192 17 183 235 92 192 ]
[ 32 2 104 64 4 0 193 16 64 4 52 6 17 9 182 64 72 0 3 12 128 32 4 0 66 9 160 0 125 136 88 0 ]
[ 89 0 129 160 13 80 64 0 194 89 144 74 19 152 112 234 64 128 124 5 13 35 166 128 144 69 250 184 52 12 24 68 ]
[ 1 18 25 161 6 72 176 16 72 32 0 226 132 12 16 96 38 17 130 1 132 48 69 192 68 0 10 3 20 8 29 5 ]
[ 0 18 112 65 38 8 145 24 72 4 20 162 132 0 132 100 6 16 2 1 128 32 101 128 4 16 2 2 86 136 85 37 ]
[ 210 62 120 91 30 173 147 154 94 36 4 174 167 128 215 69 6 24 72 75 162 36 255 247 196 16 2 58 28 137 5 61 ]
[ 75 8 160 220 45 52 201 6 142 78 220 7 162 184 183 78 200 98 61 13 9 33 211 163 128 126 218 154 158 125 80 126 ]
[ 2 18 49 193 38 88 176 0 72 4 16 226 132 28 132 228 134 17 130 1 133 48 101 128 4 16 10 3 20 8 21 101 ]
[ 19 0 12 128 12 64 8 0 128 80 148 227 16 24 50 67 64 0 89 5 5 65 4 128 192 0 234 145 28 12 24 6 ]
[ 44 19 197 143 238 114 180 17 204 197 27 115 208 121 32 234 74 36 187 1 148 160 87 128 79 39 199 3 135 254 244 195 ]
[ 0 18 51 129 7 90 176 8 72 32 3 226 76 12 60 224 54 21 130 33 132 176 45 192 5 0 11 7 69 46 13 5 ]
[ 246 27 208 159 143 104 151 27 94 194 133 243 235 49 39 78 102 98 57 2 144 33 87 162 80 52 66 27 183 237 89 4 ]
[ 3 0 0 128 5 4 8 0 64 64 0 71 0 8 50 64 64 0 19 5 132 0 20 128 0 16 138 0 28 12 24 4 ]
[ 252 35 208 129 214 106 49 90 91 113 12 251 31 177 66 116 55 158 16 17 182 114 132 130 92 4 33 39 166 236 26 135 ]
[ 82 17 224 207 175 120 131 136 14 36 90 166 238 56 173 206 242 70 189 69 1 33 231 169 144 252 218 146 156 127 21 125 ]
[ 134 170 86 145 197 199 61 113 225 242 135 81 8 5 86 63 37 180 209 178 244 207 30 206 75 18 69 119 7 165 191 132 ]
[ 82 8 224 205 47 120 131 138 14 70 88 163 174 56 183 206 194 98 61 15 1 32 199 161 132 126 218 154 158 125 81 125 ]
[ 252 27 224 254 222 120 67 25 18 209 65 250 183 184 243 203 66 238 57 87 179 106 231 168 188 33 232 59 188 233 208 97 ]
[ 115 128 45 248 173 149 204 39 134 22 128 94 131 140 180 192 201 2 189 13 216 13 114 149 145 239 218 216 20 8 212 116 ]
[ 68 42 154 128 87 106 50 82 99 225 15 75 28 241 66 116 55 253 19 147 132 146 140 192 91 20 1 37 166 239 58 130 ]
[ 246 27 217 158 158 76 146 17 26 192 85 243 183 189 103 107 102 106 177 82 182 108 213 170 127 33 138 27 181 173 93 67 ]
[ 251 0 68 144 12 0 73 16 129 86 148 159 3 129 242 95 65 128 125 12 168 71 134 130 208 10 208 152 62 140 80 80 ]
[ 3 0 0 131 37 92 128 8 72 72 17 5 196 88 26 96 216 0 18 37 133 32 89 128 4 16 138 3 28 14 24 6 ]
[ 13 254 63 176 197 150 124 51 225 158 131 92 12 76 80 179 165 189 192 179 244 238 188 76 235 19 69 97 0 162 174 208 ]
[ 241 86 159 157 95 44 52 123 203 17 68 66 47 173 58 119 102 158 42 97 246 191 20 189 243 48 84 113 150 201 156 140 ]
[ 105 0 80 170 238 201 83 188 93 194 92 43 118 145 107 76 115 202 63 81 23 60 69 177 220 38 48 219 190 143 24 11 ]
[ 210 1 224 207 55 104 131 140 31 109 86 175 230 184 175 79 242 78 61 108 35 16 201 155 148 248 170 190 190 125 81 63 ]
[ 3 0 0 131 5 4 128 8 72 72 1 5 192 88 26 64 208 0 19 37 132 0 89 128 4 16 138 2 28 14 24 6 ]
[ 227 1 136 207 29 100 201 140 31 73 212 23 242 49 31 71 216 78 61 76 42 70 193 139 229 56 154 154 154 92 88 94 ]
[ 216 151 242 248 214 151 1 132 222 21 66 134 135 232 248 225 87 248 142 97 171 182 116 145 189 225 59 44 60 137 52 60 ]
[ 106 198 37 238 77 20 76 189 134 63 73 206 195 108 56 234 205 149 168 167 204 22 251 145 149 247 219 60 16 122 148 100 ]
[ 100 216 83 64 231 217 54 35 47 34 62 42 14 147 228 244 35 188 162 10 81 60 160 242 30 14 69 111 54 169 197 37 ]
[ 78 53 146 135 215 96 51 136 123 192 78 41 92 113 79 86 18 238 147 120 32 210 128 232 76 20 1 42 142 247 51 135 ]
[ 249 129 100 184 140 129 77 49 213 82 148 23 19 137 50 103 73 130 62 141 253 15 6 151 208 34 240 216 63 140 176 0 ]
[ 177 163 77 112 156 241 192 98 196 17 176 82 19 8 180 33 72 130 78 24 191 105 38 20 154 201 162 81 245 8 88 4 ]
[ 107 16 64 139 239 73 87 172 29 66 92 43 124 145 235 84 82 138 55 61 80 24 69 215 92 54 208 202 62 143 80 75 ]
[ 210 11 200 205 158 12 154 152 30 36 70 199 164 41 61 64 118 70 41 124 178 61 145 171 118 40 138 18 157 41 89 27 ]
[ 133 201 47 112 40 151 200 35 36 28 179 84 131 78 176 169 141 51 206 214 141 172 115 119 139 155 43 72 80 24 165 112 ]
[ 214 94 184 223 148 0 167 17 94 140 215 54 168 82 245 69 240 253 45 153 178 44 169 234 249 176 142 187 145 42 245 39 ]
[ 230 139 161 136 245 159 79 177 31 61 83 95 134 165 112 196 213 12 191 79 184 56 168 147 191 112 137 246 54 173 212 96 ]
[ 0 129 0 139 149 37 2 172 4 1 9 0 192 96 8 64 216 2 2 112 18 40 89 181 45 16 130 68 144 11 16 8 ]
[ 249 85 216 111 122 80 156 13 82 81 241 176 121 122 143 123 94 223 4 240 47 70 205 11 96 233 190 137 189 18 171 158 ]
[ 98 6 201 208 76 48 73 18 131 23 156 207 1 167 244 222 69 130 167 140 24 75 162 128 26 14 240 184 183 200 84 96 ]
[ 179 5 198 93 217 47 41 218 162 63 164 141 41 163 45 223 37 206 73 236 42 15 152 249 19 232 80 52 27 133 34 248 ]
[ 246 139 67 243 189 205 106 33 151 168 51 211 35 143 116 192 204 52 63 82 121 13 1 182 171 240 137 242 50 169 212 49 ]
[ 196 68 241 255 159 192 232 21 215 129 99 18 201 207 124 66 114 117 59 144 112 36 215 130 111 232 134 89 183 170 197 2 ]
[ 196 81 152 237 158 70 174 29 206 137 18 82 213 243 120 234 82 117 59 233 17 33 210 194 229 165 174 152 152 121 137 34 ]
[ 213 3 163 81 180 216 97 5 113 197 103 22 194 193 222 213 112 172 44 60 248 244 229 194 190 56 133 74 162 172 244 100 ]
[ 106 212 160 140 109 97 79 142 87 123 94 175 248 179 251 76 93 220 183 131 72 18 196 241 68 54 208 174 30 221 16 94 ]
[ 45 88 152 247 209 19 60 212 19 163 68 174 193 51 227 45 93 124 146 216 61 222 124 170 174 215 223 99 186 184 8 140 ]
[ 240 88 235 152 70 153 35 66 158 117 82 63 23 145 165 217 35 170 55 28 1 91 32 176 146 107 113 186 61 188 81 241 ]
[ 150 230 47 144 188 211 72 237 143 223 149 83 69 197 252 207 243 128 79 61 115 69 42 220 186 75 183 221 20 140 188 97 ]
[ 64 17 237 5 20 248 65 9 239 197 43 133 227 238 54 80 50 162 44 132 14 0 190 95 203 52 131 1 164 34 68 86 ]
[ 110 138 0 168 205 207 79 51 71 114 7 27 68 141 114 100 197 148 59 3 220 28 89 151 221 54 201 117 62 173 152 2 ]
[ 162 67 2 211 36 255 72 100 158 168 147 130 240 230 237 104 220 58 158 64 13 153 40 188 207 144 248 241 152 154 28 28 ]
[ 4 78 146 131 53 239 50 134 14 172 74 0 236 66 33 64 177 120 130 112 0 176 1 252 13 20 3 3 144 91 21 11 ]
[ 65 142 188 70 122 6 91 42 73 175 187 53 108 42 134 82 231 229 76 172 180 143 41 78 90 14 51 146 16 162 97 79 ]
[ 6 68 130 135 53 106 62 13 40 196 75 161 236 110 9 64 146 87 147 51 0 144 17 206 44 52 142 131 132 126 21 90 ]
[ 154 3 3 211 135 29 120 244 31 166 6 3 238 231 99 196 241 106 139 76 84 157 48 178 139 118 216 115 54 47 29 236 ]
[ 34 84 8 215 36 121 88 68 21 160 157 162 243 247 235 105 88 58 182 176 13 144 92 152 170 144 220 177 188 218 24 156 ]
[ 128 113 146 133 7 75 182 12 60 134 67 34 236 88 73 0 178 91 130 98 66 244 17 203 37 22 30 3 0 90 37 139 ]
[ 130 3 138 211 180 223 74 228 159 170 23 194 230 199 189 100 245 58 159 74 93 157 8 190 139 22 152 241 16 138 28 61 ]
[ 99 149 78 196 96 58 63 170 168 4 10 172 80 122 142 114 208 214 90 226 92 129 52 79 118 56 137 145 12 107 216 22 ]
[ 6 84 47 130 52 187 74 20 141 164 143 231 228 83 185 199 65 160 159 189 40 129 61 220 174 21 141 146 148 222 28 104 ]
[ 121 68 102 50 124 185 225 52 196 244 62 15 115 168 247 121 98 166 38 61 165 122 110 188 124 203 245 112 253 222 88 200 ]
[ 146 66 137 179 151 215 12 21 23 230 135 87 204 7 113 204 87 41 159 157 235 148 73 218 171 87 159 178 182 30 61 105 ]
[ 82 78 205 194 158 151 88 149 135 186 142 67 4 7 101 204 103 160 31 156 139 7 73 222 187 7 159 151 180 154 60 109 ]
[ 4 205 16 137 164 11 38 161 12 34 91 2 196 2 32 64 243 4 2 98 80 188 73 151 36 48 3 68 20 42 145 0 ]
[ 64 128 0 154 204 129 4 173 134 18 145 26 64 194 104 64 81 130 42 2 80 47 10 183 24 6 210 120 20 10 144 0 ]
[ 198 71 38 146 253 237 105 52 221 252 3 27 100 97 123 205 52 178 187 121 160 81 11 220 188 18 221 210 142 220 20 92 ]
[ 48 96 204 163 156 139 68 21 135 162 145 10 163 9 65 10 73 160 78 16 72 229 73 154 166 214 149 48 180 154 144 8 ]
[ 125 70 103 34 116 137 227 23 204 229 123 207 115 200 191 81 114 160 38 63 132 178 38 156 124 202 37 40 253 222 208 216 ]
[ 120 70 103 50 124 233 233 7 204 245 59 139 99 204 121 217 42 34 39 61 160 112 46 188 124 73 36 176 245 222 213 248 ]
[ 113 76 78 210 28 179 64 87 135 241 158 78 99 3 227 237 65 164 44 24 45 123 111 156 186 203 245 120 190 218 88 12 ]
[ 0 1 2 147 180 171 32 164 28 162 82 2 236 96 33 72 51 34 34 112 16 188 9 254 12 22 147 64 148 11 17 8 ]
[ 16 168 134 132 20 11 102 73 141 131 146 26 174 72 40 2 42 192 78 98 74 229 1 235 176 150 143 16 36 57 145 0 ]
[ 128 41 132 151 140 139 164 4 134 162 144 18 160 136 64 10 72 106 74 64 80 252 192 170 4 22 158 48 5 88 144 136 ]
[ 144 224 128 146 140 129 132 71 22 19 145 18 2 136 96 9 73 10 14 18 74 111 10 176 160 0 222 56 20 88 144 136 ]
[ 64 140 4 147 140 139 34 164 140 162 154 2 192 34 33 64 97 38 106 2 80 189 73 190 12 38 211 80 20 43 17 8 ]
[ 224 65 4 146 204 169 96 5 157 160 19 26 226 226 105 73 112 166 46 16 32 112 74 158 156 2 214 112 148 88 17 8 ]
